10000 16 0 123456 TRUE 250
3000 16 0 123456 TRUE 250
10000 8 0 123456 TRUE 250
3000 8 0 123456 TRUE 250
10000 4 0 123456 TRUE 250
3000 4 0 123456 TRUE 250
10000 2 0 123456 TRUE 250
3000 2 0 123456 TRUE 250
10000 1 0 123456 TRUE 250
3000 1 0 123456 TRUE 250
10000 16 0 12345 TRUE 250
3000 16 0 12345 TRUE 250
10000 8 0 12345 TRUE 250
3000 8 0 12345 TRUE 250
10000 4 0 12345 TRUE 250
3000 4 0 12345 TRUE 250
10000 2 0 12345 TRUE 250
3000 2 0 12345 TRUE 250
10000 1 0 12345 TRUE 250
3000 1 0 12345 TRUE 250
10000 16 0 1234 TRUE 250
3000 16 0 1234 TRUE 250
10000 8 0 1234 TRUE 250
3000 8 0 1234 TRUE 250
10000 4 0 1234 TRUE 250
3000 4 0 1234 TRUE 250
10000 2 0 1234 TRUE 250
3000 2 0 1234 TRUE 250
10000 1 0 1234 TRUE 250
3000 1 0 1234 TRUE 250
10000 16 0 0 TRUE 250
3000 16 0 0 TRUE 250
10000 8 0 0 TRUE 250
3000 8 0 0 TRUE 250
10000 4 0 0 TRUE 250
3000 4 0 0 TRUE 250
10000 2 0 0 TRUE 250
3000 2 0 0 TRUE 250
10000 1 0 0 TRUE 250
3000 1 0 0 TRUE 250
